578248	567480	550786	595062	628507	583997	562047	563538	583302	559550	598000	598309	581305	603560	583643	581504	598526	594446	567537	620474	590938	594484	582758	573962	573586	576584	567811	567815	572194	589961	554249	534974	600119	542613	587801	585563	573206	623226	590154	581479	597063	599373	555055	584686	565966	588114	568537	574910	604743	588449
571272	628350	642001	584844	598083	593545	582430	612883	663795	605105	605522	617234	607741	596557	576252	598033	593375	634880	594126	544123	610414	578313	589520	646989	624706	619240	628117	626681	585023	640202	596127	604729	592835	595247	578432	575540	596156	591463	638408	569322	609339	616621	623696	623210	612903	598340	573346	615391	603529	609340
630631	628396	589461	613036	650116	652498	638591	621557	631841	620158	631676	637191	634826	624219	605315	655171	671261	615792	633989	640929	612397	651896	663526	609946	600855	652812	648638	614713	638029	643368	626992	622449	629971	622929	645251	612215	669922	646290	661577	639648	643971	616101	619250	598197	640852	627389	642870	643578	644098	619758
539063	559466	559312	507626	526981	539643	531525	549438	540835	553648	577472	535237	550992	546877	532617	541287	550417	556202	521015	561136	533507	571806	573160	586123	587928	530941	561347	543143	541251	578681	538485	554170	530397	596520	550240	527366	550718	576649	575807	567929	554889	518311	539333	549853	548255	586264	530792	555312	549496	557047
583149	581719	600434	586945	595651	583088	576942	614440	568180	564794	600176	575850	603163	622960	577916	579987	605063	588623	606769	592305	587939	592049	610523	581534	582014	621210	568721	611765	587017	591741	589432	596808	576906	604909	630208	616797	602050	592239	576449	601336	600886	567224	568605	583323	610945	561364	602009	597365	599100	590058
649849	639661	609517	658236	632389	663100	638754	642498	657028	651594	652411	620083	672299	660018	644790	647267	654739	646985	674922	675169	674728	665620	679615	656865	653605	644751	669712	664667	646082	659881	652651	662510	647614	645078	650989	639111	663208	613107	643638	638448	651280	640287	644057	625958	645283	645456	650790	635537	644378	634450
543671	551671	545861	541464	590475	549011	540053	534624	569860	559470	543286	576796	560308	562005	552776	550610	574146	566543	561392	557468	535406	561412	564290	566605	579384	555447	563219	538594	543200	589493	547264	556544	585051	563264	539123	553786	553639	576466	576553	552206	577212	564251	561852	579221	547896	537290	531588	577698	577558	562993
614263	595476	590459	590445	599175	620632	599871	604205	610115	620696	636132	597679	622326	615041	616131	581742	626086	618546	600828	624825	589044	605513	607263	593869	595793	594930	628756	586849	614748	612189	589150	605335	605288	593306	618291	610776	578955	579359	624997	586528	602645	625833	604247	601709	570930	621040	575750	617162	593013	610922
664880	664731	641395	637134	665696	660729	673135	629563	641424	665694	640574	680544	639958	670033	680903	670979	652371	668404	675866	671613	676681	655461	659088	684679	659708	660864	669758	686683	692303	706337	672196	665287	655182	623703	680303	632608	655167	662212	664994	657100	679643	686220	620593	669895	649534	654344	661136	673108	648581	680409
611100	602842	599661	666138	590287	612587	651782	609117	577629	601577	591620	624505	593317	610935	620396	625574	593806	577180	563133	593752	618512	589204	595516	601035	614242	628440	616642	563517	626589	634380	626068	605505	601068	629689	581410	587847	573298	609278	584003	607082	624227	584786	631261	610565	569585	593599	634527	602274	578095	634767
668567	614338	626179	622321	654742	642085	621429	596892	635256	620065	636983	635710	630612	612429	581840	598338	634911	600947	633598	616660	600504	620463	620463	623973	616263	687662	641164	631216	631090	631704	636112	642867	643443	625833	646525	647363	638728	631604	614612	630186	624871	639940	620343	667015	672183	649360	636351	652782	633097	639201
651727	634018	642407	674771	649487	667230	661203	649884	671547	671459	658166	667577	644440	653549	649061	670981	701731	641731	652574	685207	667040	626560	658220	651746	675974	662647	680209	647609	646433	645075	628336	656496	604638	688672	658259	655815	651887	657416	640002	623143	648341	655011	631383	650462	647641	655611	684352	673271	672959	652303
582533	591957	542699	583458	552705	565840	570012	526997	548478	548323	579440	565446	570530	562183	557071	569195	589113	567231	580616	561798	570922	565054	556239	553097	565702	577160	566041	594510	533238	557138	574122	588925	538318	566656	536711	582492	578885	530380	579825	554376	531002	582714	587500	574927	562742	556670	567969	578986	574027	584808
629551	603447	637593	656088	622790	605884	593772	623583	638987	578690	625040	605047	600096	615421	633297	615762	589092	616588	632383	639504	590081	613748	579490	608041	601438	575385	606683	563029	613847	619354	590832	614584	579113	612658	593129	605011	636380	629107	599286	601807	628969	618404	596132	619766	612214	665846	599286	599381	588070	640434
649167	631434	655542	642633	669415	677473	645901	611722	644218	672462	664187	644745	694634	667337	694019	627563	620804	663410	667194	641990	666491	641765	659197	635595	657983	669228	631856	680181	671533	676634	670456	663923	631672	641179	672969	661239	646244	667579	638106	700977	599656	663278	669597	615006	672129	667222	668881	686747	678562	643117
570150	575433	554148	574011	581071	589522	556604	602107	550093	573859	619132	577302	574597	577506	571452	569283	573793	571488	586524	562828	585119	582200	575858	591055	577532	549648	582911	573095	556097	563913	587506	547697	597456	580950	580910	570157	592054	593700	590443	595805	571607	543641	566307	559867	581177	578767	585413	581139	571389	599985
604736	626896	636250	610656	622198	592860	617762	579517	629621	599138	615166	629146	616744	629091	618019	597887	578176	596867	636835	603434	643446	623973	645162	616045	606513	630600	580667	613538	628766	603183	622440	633970	618328	593418	617438	615018	625656	638334	646690	616149	627733	603889	643748	612344	598540	643661	597405	620013	619396	596873
670343	654490	690468	685408	687533	675726	674331	657049	669302	674863	662116	675529	633800	658062	672642	638149	643900	687314	683302	660048	645733	687259	654587	680171	684393	632288	692202	649357	677795	678357	689439	678239	670294	673101	678502	704130	693382	679878	636764	691798	696755	690982	702379	663878	656339	663543	695754	655266	643099	701368
638656	597582	660793	572852	607656	616049	613881	613265	603354	597194	634559	584357	611000	575118	625620	635572	627913	565050	647620	577439	635512	614989	580872	582734	621879	608010	591848	593171	609977	652470	669980	651464	653418	625432	659657	615034	644248	665097	631754	620467	641131	646081	612607	617633	603760	636774	646380	621745	592612	597076
654233	692142	692299	668990	659881	626400	642165	626684	643362	653377	632613	662100	609745	633220	626687	655783	668459	630663	688016	627544	668587	661296	629573	650754	724582	655170	647200	640906	650871	636639	654492	647588	685038	655370	639724	645808	654314	652828	663028	633187	666231	661364	611821	658786	642360	677832	640401	609910	651950	677855
703905	703484	680422	726913	690743	647861	645789	658900	669817	680773	630866	699503	709874	652641	705559	638690	694273	683695	708263	668071	659920	679718	648327	638165	680705	683488	639090	698793	665919	674351	680998	681222	695029	637611	652096	698472	667252	627887	712675	709874	666412	682293	649882	663916	699844	686852	696236	679022	690691	719438
568403	570063	594320	569958	575601	597286	576590	584920	582742	589087	598130	599192	584968	629135	584265	581736	598450	581431	562598	566879	587874	591935	582639	572677	590188	566568	591726	614778	569739	565858	592360	615394	596258	573625	584877	567098	584820	591511	555753	571970	557350	581346	535185	595726	585187	569484	550978	571345	584859	603340
640932	589809	596758	635724	633167	593933	613651	613442	610632	617659	655737	598998	617793	597997	614375	630245	613312	611486	618225	637783	660333	613590	615730	657983	638695	642914	599993	634522	620797	640519	615820	607727	612280	627207	636334	612543	602447	652402	606159	607666	623385	626890	617990	638548	592189	609388	618828	623119	614277	601284
657917	681191	671348	667622	662986	674718	678432	661290	660886	692569	674718	678253	657535	667111	673104	675532	681124	653102	659695	682572	699739	669010	654784	668483	695281	664782	655315	651382	678769	689084	660177	674371	622001	693935	649910	683985	672673	648969	660490	676829	672801	656447	632499	671896	675082	682549	671825	633577	640742	671232
602719	588495	587692	589641	628825	548683	572265	624017	561208	580244	574416	573427	578418	598553	601735	580889	573313	583560	583215	590836	592502	603983	596253	569897	604868	593739	603540	578113	572680	588882	592462	579230	592531	575948	602250	584264	597157	582258	548296	588732	573689	585539	593985	548181	595265	607377	604619	614582	591789	584155
604702	635041	638826	643153	612580	597541	624378	624320	639843	612891	617145	636698	650174	642277	658993	630139	613088	610459	635817	603993	624097	630022	603170	619403	617566	646206	623678	651468	618628	607903	646329	634401	670404	626818	618084	618569	633769	616915	633080	608974	610396	602845	620800	616079	607450	653137	638515	621669	625108	655546
706506	679766	660560	689244	659665	653097	682868	664168	663361	673404	673020	671636	639819	672187	666853	710651	666397	671779	671205	659162	668837	665697	660206	683003	660826	674099	678391	685865	686638	682850	702596	680295	675677	704078	662488	688435	670561	668751	701212	651085	664451	679951	672867	676414	670452	682871	697247	643510	663479	681036
