   0.001000000000000   0.002000000000000  -0.509693590420457  -0.221480000000000   0.066733590420457   0.000460624814149
   0.001000000000000   0.003000000000000  -0.799613590420457  -0.511400000000000  -0.223186409579543   0.000000001879135
   0.001000000000000   0.004000000000000  -0.083333590420457   0.204880000000000   0.493093590420457   0.000634373374017
   0.001000000000000   0.005000000000000  -0.380933590420457  -0.092720000000000   0.195493590420457   0.000999993029799
   0.001000000000000   0.006000000000000  -0.970203590420457  -0.681990000000000  -0.393776409579543   0.000000001864588
   0.001000000000000   0.007000000000000  -0.110653590420457   0.177560000000000   0.465773590420457   0.000872246665317
   0.001000000000000   0.008000000000000  -0.508863590420457  -0.220650000000000   0.067563590420457   0.000469157522015
   0.001000000000000   0.009000000000000  -1.087953590420457  -0.799740000000000  -0.511526409579543   0.000000001864588
   0.001000000000000   0.010000000000000  -0.517733590420457  -0.229520000000000   0.058693590420457   0.000380734128526
   0.001000000000000   0.011000000000000  -0.786973590420457  -0.498760000000000  -0.210546409579543   0.000000001909666
   0.001000000000000   0.012000000000000  -1.026473590420457  -0.738260000000000  -0.450046409579543   0.000000001864588
   0.001000000000000   0.013000000000000  -0.156753590420457   0.131460000000000   0.419673590420457   0.000996620506093
   0.001000000000000   0.014000000000000  -0.578673590420457  -0.290460000000000  -0.002246409579543   0.000045346580150
   0.001000000000000   0.015000000000000  -1.028323590420457  -0.740110000000000  -0.451896409579543   0.000000001864588
   0.001000000000000   0.016000000000000  -0.232273590420457   0.055940000000000   0.344153590420457   0.000999999999902
   0.001000000000000   0.017000000000000  -0.633383590420457  -0.345170000000000  -0.056956409579543   0.000002882709446
   0.001000000000000   0.018000000000000  -1.157673590420457  -0.869460000000000  -0.581246409579543   0.000000001864588
   0.001000000000000   0.019000000000000  -0.656633590420457  -0.368420000000000  -0.080206409579543   0.000000734179126
   0.001000000000000   0.020000000000000  -0.976963590420457  -0.688750000000000  -0.400536409579543   0.000000001864588
   0.001000000000000   0.021000000000000  -1.172493590420457  -0.884280000000000  -0.596066409579543   0.000000001864588
   0.001000000000000   0.022000000000000  -0.284373590420457   0.003840000000000   0.292053590420457   0.001000000000000
   0.001000000000000   0.023000000000000  -0.670463590420457  -0.382250000000000  -0.094036409579543   0.000000309714729
   0.001000000000000   0.024000000000000  -1.133573590420457  -0.845360000000000  -0.557146409579543   0.000000001864588
   0.001000000000000   0.025000000000000  -0.336473590420457  -0.048260000000000   0.239953590420457   0.000999999999997
   0.001000000000000   0.026000000000000  -0.737733590420457  -0.449520000000000  -0.161306409579543   0.000000004505536
   0.001000000000000   0.027000000000000  -1.181853590420457  -0.893640000000000  -0.605426409579543   0.000000001864588
   0.002000000000000   0.003000000000000  -0.578133590420457  -0.289920000000000  -0.001706409579543   0.000046429656776
   0.002000000000000   0.004000000000000   0.138146409579543   0.426360000000000   0.714573590420457   0.000000016914429
   0.002000000000000   0.005000000000000  -0.159453590420457   0.128760000000000   0.416973590420457   0.000997535175318
   0.002000000000000   0.006000000000000  -0.748723590420457  -0.460510000000000  -0.172296409579543   0.000000002977729
   0.002000000000000   0.007000000000000   0.110826409579543   0.399040000000000   0.687253590420457   0.000000104002159
   0.002000000000000   0.008000000000000  -0.287383590420457   0.000830000000000   0.289043590420457   0.001000000000000
   0.002000000000000   0.009000000000000  -0.866473590420457  -0.578260000000000  -0.290046409579543   0.000000001864607
   0.002000000000000   0.010000000000000  -0.296253590420457  -0.008040000000000   0.280173590420457   0.001000000000000
   0.002000000000000   0.011000000000000  -0.565493590420457  -0.277280000000000   0.010933590420457   0.000078897865609
   0.002000000000000   0.012000000000000  -0.804993590420457  -0.516780000000000  -0.228566409579543   0.000000001873477
   0.002000000000000   0.013000000000000   0.064726409579543   0.352940000000000   0.641153590420457   0.000001847301674
   0.002000000000000   0.014000000000000  -0.357193590420457  -0.068980000000000   0.219233590420457   0.000999999987473
   0.002000000000000   0.015000000000000  -0.806843590420457  -0.518630000000000  -0.230416409579543   0.000000001872080
   0.002000000000000   0.016000000000000  -0.010793590420457   0.277420000000000   0.565633590420457   0.000078454661158
   0.002000000000000   0.017000000000000  -0.411903590420457  -0.123690000000000   0.164523590420457   0.000998689876509
   0.002000000000000   0.018000000000000  -0.936193590420457  -0.647980000000000  -0.359766409579543   0.000000001864588
   0.002000000000000   0.019000000000000  -0.435153590420457  -0.146940000000000   0.141273590420457   0.000983948855252
   0.002000000000000   0.020000000000000  -0.755483590420457  -0.467270000000000  -0.179056409579543   0.000000002510763
   0.002000000000000   0.021000000000000  -0.951013590420457  -0.662800000000000  -0.374586409579543   0.000000001864588
   0.002000000000000   0.022000000000000  -0.062893590420457   0.225320000000000   0.513533590420457   0.000421772385083
   0.002000000000000   0.023000000000000  -0.448983590420457  -0.160770000000000   0.127443590420457   0.000952711854753
   0.002000000000000   0.024000000000000  -0.912093590420457  -0.623880000000000  -0.335666409579543   0.000000001864588
   0.002000000000000   0.025000000000000  -0.114993590420457   0.173220000000000   0.461433590420457   0.000898239840904
   0.002000000000000   0.026000000000000  -0.516253590420457  -0.228040000000000   0.060173590420457   0.000394998571126
   0.002000000000000   0.027000000000000  -0.960373590420457  -0.672160000000000  -0.383946409579543   0.000000001864588
   0.003000000000000   0.004000000000000   0.428066409579543   0.716280000000000   1.004493590420457   0.000000001864588
   0.003000000000000   0.005000000000000   0.130466409579543   0.418680000000000   0.706893590420457   0.000000028036506
   0.003000000000000   0.006000000000000  -0.458803590420457  -0.170590000000000   0.117623590420457   0.000912182810372
   0.003000000000000   0.007000000000000   0.400746409579543   0.688960000000000   0.977173590420457   0.000000001864588
   0.003000000000000   0.008000000000000   0.002536409579543   0.290750000000000   0.578963590420457   0.000044773984220
   0.003000000000000   0.009000000000000  -0.576553590420457  -0.288340000000000  -0.000126409579543   0.000049727655556
   0.003000000000000   0.010000000000000  -0.006333590420457   0.281880000000000   0.570093590420457   0.000065379950272
   0.003000000000000   0.011000000000000  -0.275573590420457   0.012640000000000   0.300853590420457   0.001000000000000
   0.003000000000000   0.012000000000000  -0.515073590420457  -0.226860000000000   0.061353590420457   0.000406528876014
   0.003000000000000   0.013000000000000   0.354646409579543   0.642860000000000   0.931073590420457   0.000000001864588
   0.003000000000000   0.014000000000000  -0.067273590420457   0.220940000000000   0.509153590420457   0.000466171459136
   0.003000000000000   0.015000000000000  -0.516923590420457  -0.228710000000000   0.059503590420457   0.000388513030369
   0.003000000000000   0.016000000000000   0.279126409579543   0.567340000000000   0.855553590420457   0.000000001864649
   0.003000000000000   0.017000000000000  -0.121983590420457   0.166230000000000   0.454443590420457   0.000932355386214
   0.003000000000000   0.018000000000000  -0.646273590420457  -0.358060000000000  -0.069846409579543   0.000001368592854
   0.003000000000000   0.019000000000000  -0.145233590420457   0.142980000000000   0.431193590420457   0.000988807423525
   0.003000000000000   0.020000000000000  -0.465563590420457  -0.177350000000000   0.110863590420457   0.000873590142811
   0.003000000000000   0.021000000000000  -0.661093590420457  -0.372880000000000  -0.084666409579543   0.000000557951793
   0.003000000000000   0.022000000000000   0.227026409579543   0.515240000000000   0.803453590420457   0.000000001874830
   0.003000000000000   0.023000000000000  -0.159063590420457   0.129150000000000   0.417363590420457   0.000997417948920
   0.003000000000000   0.024000000000000  -0.622173590420457  -0.333960000000000  -0.045746409579543   0.000005357639496
   0.003000000000000   0.025000000000000   0.174926409579543   0.463140000000000   0.751353590420457   0.000000002766469
   0.003000000000000   0.026000000000000  -0.226333590420457   0.061880000000000   0.350093590420457   0.000999999998955
   0.003000000000000   0.027000000000000  -0.670453590420457  -0.382240000000000  -0.094026409579543   0.000000309911941
   0.004000000000000   0.005000000000000  -0.585813590420457  -0.297600000000000  -0.009386409579543   0.000032955326466
   0.004000000000000   0.006000000000000  -1.175083590420457  -0.886870000000000  -0.598656409579543   0.000000001864588
   0.004000000000000   0.007000000000000  -0.315533590420457  -0.027320000000000   0.260893590420457   0.001000000000000
   0.004000000000000   0.008000000000000  -0.713743590420457  -0.425530000000000  -0.137316409579543   0.000000017850907
   0.004000000000000   0.009000000000000  -1.292833590420457  -1.004620000000000  -0.716406409579543   0.000000001864588
   0.004000000000000   0.010000000000000  -0.722613590420457  -0.434400000000000  -0.146186409579543   0.000000010191442
   0.004000000000000   0.011000000000000  -0.991853590420457  -0.703640000000000  -0.415426409579543   0.000000001864588
   0.004000000000000   0.012000000000000  -1.231353590420457  -0.943140000000000  -0.654926409579543   0.000000001864588
   0.004000000000000   0.013000000000000  -0.361633590420457  -0.073420000000000   0.214793590420457   0.000999999949574
   0.004000000000000   0.014000000000000  -0.783553590420457  -0.495340000000000  -0.207126409579543   0.000000001925421
   0.004000000000000   0.015000000000000  -1.233203590420457  -0.944990000000000  -0.656776409579543   0.000000001864588
   0.004000000000000   0.016000000000000  -0.437153590420457  -0.148940000000000   0.139273590420457   0.000980918361557
   0.004000000000000   0.017000000000000  -0.838263590420457  -0.550050000000000  -0.261836409579543   0.000000001864950
   0.004000000000000   0.018000000000000  -1.362553590420457  -1.074340000000000  -0.786126409579543   0.000000001864588
   0.004000000000000   0.019000000000000  -0.861513590420457  -0.573300000000000  -0.285086409579543   0.000000001864621
   0.004000000000000   0.020000000000000  -1.181843590420457  -0.893630000000000  -0.605416409579543   0.000000001864588
   0.004000000000000   0.021000000000000  -1.377373590420457  -1.089160000000000  -0.800946409579543   0.000000001864588
   0.004000000000000   0.022000000000000  -0.489253590420457  -0.201040000000000   0.087173590420457   0.000673583553064
   0.004000000000000   0.023000000000000  -0.875343590420457  -0.587130000000000  -0.298916409579543   0.000000001864595
   0.004000000000000   0.024000000000000  -1.338453590420457  -1.050240000000000  -0.762026409579543   0.000000001864588
   0.004000000000000   0.025000000000000  -0.541353590420457  -0.253140000000000   0.035073590420457   0.000191326675493
   0.004000000000000   0.026000000000000  -0.942613590420457  -0.654400000000000  -0.366186409579543   0.000000001864588
   0.004000000000000   0.027000000000000  -1.386733590420457  -1.098520000000000  -0.810306409579543   0.000000001864588
   0.005000000000000   0.006000000000000  -0.877483590420457  -0.589270000000000  -0.301056409579543   0.000000001864594
   0.005000000000000   0.007000000000000  -0.017933590420457   0.270280000000000   0.558493590420457   0.000103829030328
   0.005000000000000   0.008000000000000  -0.416143590420457  -0.127930000000000   0.160283590420457   0.000997769478912
   0.005000000000000   0.009000000000000  -0.995233590420457  -0.707020000000000  -0.418806409579543   0.000000001864588
   0.005000000000000   0.010000000000000  -0.425013590420457  -0.136800000000000   0.151413590420457   0.000993940060186
   0.005000000000000   0.011000000000000  -0.694253590420457  -0.406040000000000  -0.117826409579543   0.000000065286010
   0.005000000000000   0.012000000000000  -0.933753590420457  -0.645540000000000  -0.357326409579543   0.000000001864588
   0.005000000000000   0.013000000000000  -0.064033590420457   0.224180000000000   0.512393590420457   0.000433188842763
   0.005000000000000   0.014000000000000  -0.485953590420457  -0.197740000000000   0.090473590420457   0.000706273506037
   0.005000000000000   0.015000000000000  -0.935603590420457  -0.647390000000000  -0.359176409579543   0.000000001864588
   0.005000000000000   0.016000000000000  -0.139553590420457   0.148660000000000   0.436873590420457   0.000981368131491
   0.005000000000000   0.017000000000000  -0.540663590420457  -0.252450000000000   0.035763590420457   0.000195721215026
   0.005000000000000   0.018000000000000  -1.064953590420457  -0.776740000000000  -0.488526409579543   0.000000001864588
   0.005000000000000   0.019000000000000  -0.563913590420457  -0.275700000000000   0.012513590420457   0.000084044705975
   0.005000000000000   0.020000000000000  -0.884243590420457  -0.596030000000000  -0.307816409579543   0.000000001864591
   0.005000000000000   0.021000000000000  -1.079773590420457  -0.791560000000000  -0.503346409579543   0.000000001864588
   0.005000000000000   0.022000000000000  -0.191653590420457   0.096560000000000   0.384773590420457   0.000999984451726
   0.005000000000000   0.023000000000000  -0.577743590420457  -0.289530000000000  -0.001316409579543   0.000047225687461
   0.005000000000000   0.024000000000000  -1.040853590420457  -0.752640000000000  -0.464426409579543   0.000000001864588
   0.005000000000000   0.025000000000000  -0.243753590420457   0.044460000000000   0.332673590420457   0.001000000000000
   0.005000000000000   0.026000000000000  -0.645013590420457  -0.356800000000000  -0.068586409579543   0.000001474155341
   0.005000000000000   0.027000000000000  -1.089133590420457  -0.800920000000000  -0.512706409579543   0.000000001864588
   0.006000000000000   0.007000000000000   0.571336409579543   0.859550000000000   1.147763590420457   0.000000001864588
   0.006000000000000   0.008000000000000   0.173126409579543   0.461340000000000   0.749553590420457   0.000000002906359
   0.006000000000000   0.009000000000000  -0.405963590420457  -0.117750000000000   0.170463590420457   0.000999417453195
   0.006000000000000   0.010000000000000   0.164256409579543   0.452470000000000   0.740683590420457   0.000000003964029
   0.006000000000000   0.011000000000000  -0.104983590420457   0.183230000000000   0.471443590420457   0.000832730807679
   0.006000000000000   0.012000000000000  -0.344483590420457  -0.056270000000000   0.231943590420457   0.000999999999887
   0.006000000000000   0.013000000000000   0.525236409579543   0.813450000000000   1.101663590420457   0.000000001864588
   0.006000000000000   0.014000000000000   0.103316409579543   0.391530000000000   0.679743590420457   0.000000170331253
   0.006000000000000   0.015000000000000  -0.346333590420457  -0.058120000000000   0.230093590420457   0.000999999999758
   0.006000000000000   0.016000000000000   0.449716409579543   0.737930000000000   1.026143590420457   0.000000001864588
   0.006000000000000   0.017000000000000   0.048606409579543   0.336820000000000   0.625033590420457   0.000004585676389
   0.006000000000000   0.018000000000000  -0.475683590420457  -0.187470000000000   0.100743590420457   0.000799256461369
   0.006000000000000   0.019000000000000   0.025356409579543   0.313570000000000   0.601783590420457   0.000015414085840
   0.006000000000000   0.020000000000000  -0.294973590420457  -0.006760000000000   0.281453590420457   0.001000000000000
   0.006000000000000   0.021000000000000  -0.490503590420457  -0.202290000000000   0.085923590420457   0.000660939705981
   0.006000000000000   0.022000000000000   0.397616409579543   0.685830000000000   0.974043590420457   0.000000001864588
   0.006000000000000   0.023000000000000   0.011526409579543   0.299740000000000   0.587953590420457   0.000029873176562
   0.006000000000000   0.024000000000000  -0.451583590420457  -0.163370000000000   0.124843590420457   0.000943670840842
   0.006000000000000   0.025000000000000   0.345516409579543   0.633730000000000   0.921943590420457   0.000000001864588
   0.006000000000000   0.026000000000000  -0.055743590420457   0.232470000000000   0.520683590420457   0.000353011625950
   0.006000000000000   0.027000000000000  -0.499863590420457  -0.211650000000000   0.076563590420457   0.000563449328629
   0.007000000000000   0.008000000000000  -0.686423590420457  -0.398210000000000  -0.109996409579543   0.000000109869527
   0.007000000000000   0.009000000000000  -1.265513590420457  -0.977300000000000  -0.689086409579543   0.000000001864588
   0.007000000000000   0.010000000000000  -0.695293590420457  -0.407080000000000  -0.118866409579543   0.000000060902180
   0.007000000000000   0.011000000000000  -0.964533590420457  -0.676320000000000  -0.388106409579543   0.000000001864588
   0.007000000000000   0.012000000000000  -1.204033590420457  -0.915820000000000  -0.627606409579543   0.000000001864588
   0.007000000000000   0.013000000000000  -0.334313590420457  -0.046100000000000   0.242113590420457   0.000999999999999
   0.007000000000000   0.014000000000000  -0.756233590420457  -0.468020000000000  -0.179806409579543   0.000000002472566
   0.007000000000000   0.015000000000000  -1.205883590420457  -0.917670000000000  -0.629456409579543   0.000000001864588
   0.007000000000000   0.016000000000000  -0.409833590420457  -0.121620000000000   0.166593590420457   0.000999003418877
   0.007000000000000   0.017000000000000  -0.810943590420457  -0.522730000000000  -0.234516409579543   0.000000001869702
   0.007000000000000   0.018000000000000  -1.335233590420457  -1.047020000000000  -0.758806409579543   0.000000001864588
   0.007000000000000   0.019000000000000  -0.834193590420457  -0.545980000000000  -0.257766409579543   0.000000001865131
   0.007000000000000   0.020000000000000  -1.154523590420457  -0.866310000000000  -0.578096409579543   0.000000001864588
   0.007000000000000   0.021000000000000  -1.350053590420457  -1.061840000000000  -0.773626409579543   0.000000001864588
   0.007000000000000   0.022000000000000  -0.461933590420457  -0.173720000000000   0.114493590420457   0.000895435171166
   0.007000000000000   0.023000000000000  -0.848023590420457  -0.559810000000000  -0.271596409579543   0.000000001864722
   0.007000000000000   0.024000000000000  -1.311133590420457  -1.022920000000000  -0.734706409579543   0.000000001864588
   0.007000000000000   0.025000000000000  -0.514033590420457  -0.225820000000000   0.062393590420457   0.000416799914787
   0.007000000000000   0.026000000000000  -0.915293590420457  -0.627080000000000  -0.338866409579543   0.000000001864588
   0.007000000000000   0.027000000000000  -1.359413590420457  -1.071200000000000  -0.782986409579543   0.000000001864588
   0.008000000000000   0.009000000000000  -0.867303590420457  -0.579090000000000  -0.290876409579543   0.000000001864606
   0.008000000000000   0.010000000000000  -0.297083590420457  -0.008870000000000   0.279343590420457   0.001000000000000
   0.008000000000000   0.011000000000000  -0.566323590420457  -0.278110000000000   0.010103590420457   0.000076300303804
   0.008000000000000   0.012000000000000  -0.805823590420457  -0.517610000000000  -0.229396409579543   0.000000001872821
   0.008000000000000   0.013000000000000   0.063896409579543   0.352110000000000   0.640323590420457   0.000001938377763
   0.008000000000000   0.014000000000000  -0.358023590420457  -0.069810000000000   0.218403590420457   0.000999999983604
   0.008000000000000   0.015000000000000  -0.807673590420457  -0.519460000000000  -0.231246409579543   0.000000001871525
   0.008000000000000   0.016000000000000  -0.011623590420457   0.276590000000000   0.564803590420457   0.000081112579614
   0.008000000000000   0.017000000000000  -0.412733590420457  -0.124520000000000   0.163693590420457   0.000998541768825
   0.008000000000000   0.018000000000000  -0.937023590420457  -0.648810000000000  -0.360596409579543   0.000000001864588
   0.008000000000000   0.019000000000000  -0.435983590420457  -0.147770000000000   0.140443590420457   0.000982741915223
   0.008000000000000   0.020000000000000  -0.756313590420457  -0.468100000000000  -0.179886409579543   0.000000002468623
   0.008000000000000   0.021000000000000  -0.951843590420457  -0.663630000000000  -0.375416409579543   0.000000001864588
   0.008000000000000   0.022000000000000  -0.063723590420457   0.224490000000000   0.512703590420457   0.000430073777084
   0.008000000000000   0.023000000000000  -0.449813590420457  -0.161600000000000   0.126613590420457   0.000949950473928
   0.008000000000000   0.024000000000000  -0.912923590420457  -0.624710000000000  -0.336496409579543   0.000000001864588
   0.008000000000000   0.025000000000000  -0.115823590420457   0.172390000000000   0.460603590420457   0.000902786712395
   0.008000000000000   0.026000000000000  -0.517083590420457  -0.228870000000000   0.059343590420457   0.000386971027170
   0.008000000000000   0.027000000000000  -0.961203590420457  -0.672990000000000  -0.384776409579543   0.000000001864588
   0.009000000000000   0.010000000000000   0.282006409579543   0.570220000000000   0.858433590420457   0.000000001864633
   0.009000000000000   0.011000000000000   0.012766409579543   0.300980000000000   0.589193590420457   0.000028206159593
   0.009000000000000   0.012000000000000  -0.226733590420457   0.061480000000000   0.349693590420457   0.000999999999101
   0.009000000000000   0.013000000000000   0.642986409579543   0.931200000000000   1.219413590420457   0.000000001864588
   0.009000000000000   0.014000000000000   0.221066409579543   0.509280000000000   0.797493590420457   0.000000001882219
   0.009000000000000   0.015000000000000  -0.228583590420457   0.059630000000000   0.347843590420457   0.000999999999559
   0.009000000000000   0.016000000000000   0.567466409579543   0.855680000000000   1.143893590420457   0.000000001864588
   0.009000000000000   0.017000000000000   0.166356409579543   0.454570000000000   0.742783590420457   0.000000003645693
   0.009000000000000   0.018000000000000  -0.357933590420457  -0.069720000000000   0.218493590420457   0.000999999984073
   0.009000000000000   0.019000000000000   0.143106409579543   0.431320000000000   0.719533590420457   0.000000012326658
   0.009000000000000   0.020000000000000  -0.177223590420457   0.110990000000000   0.399203590420457   0.000999790585287
   0.009000000000000   0.021000000000000  -0.372753590420457  -0.084540000000000   0.203673590420457   0.000999998948135
   0.009000000000000   0.022000000000000   0.515366409579543   0.803580000000000   1.091793590420457   0.000000001864588
   0.009000000000000   0.023000000000000   0.129276409579543   0.417490000000000   0.705703590420457   0.000000030349406
   0.009000000000000   0.024000000000000  -0.333833590420457  -0.045620000000000   0.242593590420457   0.000999999999999
   0.009000000000000   0.025000000000000   0.463266409579543   0.751480000000000   1.039693590420457   0.000000001864588
   0.009000000000000   0.026000000000000   0.062006409579543   0.350220000000000   0.638433590420457   0.000002161743375
   0.009000000000000   0.027000000000000  -0.382113590420457  -0.093900000000000   0.194313590420457   0.000999991032134
   0.010000000000000   0.011000000000000  -0.557453590420457  -0.269240000000000   0.018973590420457   0.000108022730687
   0.010000000000000   0.012000000000000  -0.796953590420457  -0.508740000000000  -0.220526409579543   0.000000001883101
   0.010000000000000   0.013000000000000   0.072766409579543   0.360980000000000   0.649193590420457   0.000001150708319
   0.010000000000000   0.014000000000000  -0.349153590420457  -0.060940000000000   0.227273590420457   0.000999999999268
   0.010000000000000   0.015000000000000  -0.798803590420457  -0.510590000000000  -0.222376409579543   0.000000001880246
   0.010000000000000   0.016000000000000  -0.002753590420457   0.285460000000000   0.573673590420457   0.000056257846077
   0.010000000000000   0.017000000000000  -0.403863590420457  -0.115650000000000   0.172563590420457   0.000999570957605
   0.010000000000000   0.018000000000000  -0.928153590420457  -0.639940000000000  -0.351726409579543   0.000000001864588
   0.010000000000000   0.019000000000000  -0.427113590420457  -0.138900000000000   0.149313590420457   0.000992481115247
   0.010000000000000   0.020000000000000  -0.747443590420457  -0.459230000000000  -0.171016409579543   0.000000003097148
   0.010000000000000   0.021000000000000  -0.942973590420457  -0.654760000000000  -0.366546409579543   0.000000001864588
   0.010000000000000   0.022000000000000  -0.054853590420457   0.233360000000000   0.521573590420457   0.000344846046453
   0.010000000000000   0.023000000000000  -0.440943590420457  -0.152730000000000   0.135483590420457   0.000973940265862
   0.010000000000000   0.024000000000000  -0.904053590420457  -0.615840000000000  -0.327626409579543   0.000000001864588
   0.010000000000000   0.025000000000000  -0.106953590420457   0.181260000000000   0.469473590420457   0.000847160961950
   0.010000000000000   0.026000000000000  -0.508213590420457  -0.220000000000000   0.068213590420457   0.000475868018796
   0.010000000000000   0.027000000000000  -0.952333590420457  -0.664120000000000  -0.375906409579543   0.000000001864588
   0.011000000000000   0.012000000000000  -0.527713590420457  -0.239500000000000   0.048713590420457   0.000291261825295
   0.011000000000000   0.013000000000000   0.342006409579543   0.630220000000000   0.918433590420457   0.000000001864588
   0.011000000000000   0.014000000000000  -0.079913590420457   0.208300000000000   0.496513590420457   0.000598723656336
   0.011000000000000   0.015000000000000  -0.529563590420457  -0.241350000000000   0.046863590420457   0.000276117818603
   0.011000000000000   0.016000000000000   0.266486409579543   0.554700000000000   0.842913590420457   0.000000001864814
   0.011000000000000   0.017000000000000  -0.134623590420457   0.153590000000000   0.441803590420457   0.000972109831465
   0.011000000000000   0.018000000000000  -0.658913590420457  -0.370700000000000  -0.082486409579543   0.000000638362001
   0.011000000000000   0.019000000000000  -0.157873590420457   0.130340000000000   0.418553590420457   0.000997030128192
   0.011000000000000   0.020000000000000  -0.478203590420457  -0.189990000000000   0.098223590420457   0.000777890180920
   0.011000000000000   0.021000000000000  -0.673733590420457  -0.385520000000000  -0.097306409579543   0.000000251283107
   0.011000000000000   0.022000000000000   0.214386409579543   0.502600000000000   0.790813590420457   0.000000001896682
   0.011000000000000   0.023000000000000  -0.171703590420457   0.116510000000000   0.404723590420457   0.000999513091249
   0.011000000000000   0.024000000000000  -0.634813590420457  -0.346600000000000  -0.058386409579543   0.000002658507951
   0.011000000000000   0.025000000000000   0.162286409579543   0.450500000000000   0.738713590420457   0.000000004312183
   0.011000000000000   0.026000000000000  -0.238973590420457   0.049240000000000   0.337453590420457   0.000999999999995
   0.011000000000000   0.027000000000000  -0.683093590420457  -0.394880000000000  -0.106666409579543   0.000000136813970
   0.012000000000000   0.013000000000000   0.581506409579543   0.869720000000000   1.157933590420457   0.000000001864588
   0.012000000000000   0.014000000000000   0.159586409579543   0.447800000000000   0.736013590420457   0.000000004881120
   0.012000000000000   0.015000000000000  -0.290063590420457  -0.001850000000000   0.286363590420457   0.001000000000000
   0.012000000000000   0.016000000000000   0.505986409579543   0.794200000000000   1.082413590420457   0.000000001864588
   0.012000000000000   0.017000000000000   0.104876409579543   0.393090000000000   0.681303590420457   0.000000153838903
   0.012000000000000   0.018000000000000  -0.419413590420457  -0.131200000000000   0.157013590420457   0.000996719666789
   0.012000000000000   0.019000000000000   0.081626409579543   0.369840000000000   0.658053590420457   0.000000673017321
   0.012000000000000   0.020000000000000  -0.238703590420457   0.049510000000000   0.337723590420457   0.000999999999995
   0.012000000000000   0.021000000000000  -0.434233590420457  -0.146020000000000   0.142193590420457   0.000985206398558
   0.012000000000000   0.022000000000000   0.453886409579543   0.742100000000000   1.030313590420457   0.000000001864588
   0.012000000000000   0.023000000000000   0.067796409579543   0.356010000000000   0.644223590420457   0.000001544205400
   0.012000000000000   0.024000000000000  -0.395313590420457  -0.107100000000000   0.181113590420457   0.000999889777901
   0.012000000000000   0.025000000000000   0.401786409579543   0.690000000000000   0.978213590420457   0.000000001864588
   0.012000000000000   0.026000000000000   0.000526409579543   0.288740000000000   0.576953590420457   0.000048874241563
   0.012000000000000   0.027000000000000  -0.443593590420457  -0.155380000000000   0.132833590420457   0.000967981951333
   0.013000000000000   0.014000000000000  -0.710133590420457  -0.421920000000000  -0.133706409579543   0.000000022617554
   0.013000000000000   0.015000000000000  -1.159783590420457  -0.871570000000000  -0.583356409579543   0.000000001864588
   0.013000000000000   0.016000000000000  -0.363733590420457  -0.075520000000000   0.212693590420457   0.000999999906228
   0.013000000000000   0.017000000000000  -0.764843590420457  -0.476630000000000  -0.188416409579543   0.000000002164083
   0.013000000000000   0.018000000000000  -1.289133590420457  -1.000920000000000  -0.712706409579543   0.000000001864588
   0.013000000000000   0.019000000000000  -0.788093590420457  -0.499880000000000  -0.211666409579543   0.000000001905427
   0.013000000000000   0.020000000000000  -1.108423590420457  -0.820210000000000  -0.531996409579543   0.000000001864588
   0.013000000000000   0.021000000000000  -1.303953590420457  -1.015740000000000  -0.727526409579543   0.000000001864588
   0.013000000000000   0.022000000000000  -0.415833590420457  -0.127620000000000   0.160593590420457   0.000997851915915
   0.013000000000000   0.023000000000000  -0.801923590420457  -0.513710000000000  -0.225496409579543   0.000000001876372
   0.013000000000000   0.024000000000000  -1.265033590420457  -0.976820000000000  -0.688606409579543   0.000000001864588
   0.013000000000000   0.025000000000000  -0.467933590420457  -0.179720000000000   0.108493590420457   0.000857925545036
   0.013000000000000   0.026000000000000  -0.869193590420457  -0.580980000000000  -0.292766409579543   0.000000001864602
   0.013000000000000   0.027000000000000  -1.313313590420457  -1.025100000000000  -0.736886409579543   0.000000001864588
   0.014000000000000   0.015000000000000  -0.737863590420457  -0.449650000000000  -0.161436409579543   0.000000004479063
   0.014000000000000   0.016000000000000   0.058186409579543   0.346400000000000   0.634613590420457   0.000002688852226
   0.014000000000000   0.017000000000000  -0.342923590420457  -0.054710000000000   0.233503590420457   0.000999999999942
   0.014000000000000   0.018000000000000  -0.867213590420457  -0.579000000000000  -0.290786409579543   0.000000001864606
   0.014000000000000   0.019000000000000  -0.366173590420457  -0.077960000000000   0.210253590420457   0.000999999812647
   0.014000000000000   0.020000000000000  -0.686503590420457  -0.398290000000000  -0.110076409579543   0.000000109290259
   0.014000000000000   0.021000000000000  -0.882033590420457  -0.593820000000000  -0.305606409579543   0.000000001864592
   0.014000000000000   0.022000000000000   0.006086409579543   0.294300000000000   0.582513590420457   0.000038256001725
   0.014000000000000   0.023000000000000  -0.380003590420457  -0.091790000000000   0.196423590420457   0.000999994305439
   0.014000000000000   0.024000000000000  -0.843113590420457  -0.554900000000000  -0.266686409579543   0.000000001864810
   0.014000000000000   0.025000000000000  -0.046013590420457   0.242200000000000   0.530413590420457   0.000269322492593
   0.014000000000000   0.026000000000000  -0.447273590420457  -0.159060000000000   0.129153590420457   0.000958044522067
   0.014000000000000   0.027000000000000  -0.891393590420457  -0.603180000000000  -0.314966409579543   0.000000001864589
   0.015000000000000   0.016000000000000   0.507836409579543   0.796050000000000   1.084263590420457   0.000000001864588
   0.015000000000000   0.017000000000000   0.106726409579543   0.394940000000000   0.683153590420457   0.000000136276119
   0.015000000000000   0.018000000000000  -0.417563590420457  -0.129350000000000   0.158863590420457   0.000997355993106
   0.015000000000000   0.019000000000000   0.083476409579543   0.371690000000000   0.659903590420457   0.000000600567833
   0.015000000000000   0.020000000000000  -0.236853590420457   0.051360000000000   0.339573590420457   0.000999999999987
   0.015000000000000   0.021000000000000  -0.432383590420457  -0.144170000000000   0.144043590420457   0.000987494402120
   0.015000000000000   0.022000000000000   0.455736409579543   0.743950000000000   1.032163590420457   0.000000001864588
   0.015000000000000   0.023000000000000   0.069646409579543   0.357860000000000   0.646073590420457   0.000001384858863
   0.015000000000000   0.024000000000000  -0.393463590420457  -0.105250000000000   0.182963590420457   0.000999919946494
   0.015000000000000   0.025000000000000   0.403636409579543   0.691850000000000   0.980063590420457   0.000000001864588
   0.015000000000000   0.026000000000000   0.002376409579543   0.290590000000000   0.578803590420457   0.000045089121704
   0.015000000000000   0.027000000000000  -0.441743590420457  -0.153530000000000   0.134683590420457   0.000972240682141
   0.016000000000000   0.017000000000000  -0.689323590420457  -0.401110000000000  -0.112896409579543   0.000000090667580
   0.016000000000000   0.018000000000000  -1.213613590420457  -0.925400000000000  -0.637186409579543   0.000000001864588
   0.016000000000000   0.019000000000000  -0.712573590420457  -0.424360000000000  -0.136146409579543   0.000000019266738
   0.016000000000000   0.020000000000000  -1.032903590420457  -0.744690000000000  -0.456476409579543   0.000000001864588
   0.016000000000000   0.021000000000000  -1.228433590420457  -0.940220000000000  -0.652006409579543   0.000000001864588
   0.016000000000000   0.022000000000000  -0.340313590420457  -0.052100000000000   0.236113590420457   0.000999999999982
   0.016000000000000   0.023000000000000  -0.726403590420457  -0.438190000000000  -0.149976409579543   0.000000008135857
   0.016000000000000   0.024000000000000  -1.189513590420457  -0.901300000000000  -0.613086409579543   0.000000001864588
   0.016000000000000   0.025000000000000  -0.392413590420457  -0.104200000000000   0.184013590420457   0.000999933523616
   0.016000000000000   0.026000000000000  -0.793673590420457  -0.505460000000000  -0.217246409579543   0.000000001889453
   0.016000000000000   0.027000000000000  -1.237793590420457  -0.949580000000000  -0.661366409579543   0.000000001864588
   0.017000000000000   0.018000000000000  -0.812503590420457  -0.524290000000000  -0.236076409579543   0.000000001869006
   0.017000000000000   0.019000000000000  -0.311463590420457  -0.023250000000000   0.264963590420457   0.001000000000000
   0.017000000000000   0.020000000000000  -0.631793590420457  -0.343580000000000  -0.055366409579543   0.000003152688638
   0.017000000000000   0.021000000000000  -0.827323590420457  -0.539110000000000  -0.250896409579543   0.000000001865656
   0.017000000000000   0.022000000000000   0.060796409579543   0.349010000000000   0.637223590420457   0.000002317190352
   0.017000000000000   0.023000000000000  -0.325293590420457  -0.037080000000000   0.251133590420457   0.001000000000000
   0.017000000000000   0.024000000000000  -0.788403590420457  -0.500190000000000  -0.211976409579543   0.000000001904324
   0.017000000000000   0.025000000000000   0.008696409579543   0.296910000000000   0.585123590420457   0.000034007022337
   0.017000000000000   0.026000000000000  -0.392563590420457  -0.104350000000000   0.183863590420457   0.000999931721703
   0.017000000000000   0.027000000000000  -0.836683590420457  -0.548470000000000  -0.260256409579543   0.000000001865012
   0.018000000000000   0.019000000000000   0.212826409579543   0.501040000000000   0.789253590420457   0.000000001901446
   0.018000000000000   0.020000000000000  -0.107503590420457   0.180710000000000   0.468923590420457   0.000851057925452
   0.018000000000000   0.021000000000000  -0.303033590420457  -0.014820000000000   0.273393590420457   0.001000000000000
   0.018000000000000   0.022000000000000   0.585086409579543   0.873300000000000   1.161513590420457   0.000000001864588
   0.018000000000000   0.023000000000000   0.198996409579543   0.487210000000000   0.775423590420457   0.000000001987345
   0.018000000000000   0.024000000000000  -0.264113590420457   0.024100000000000   0.312313590420457   0.001000000000000
   0.018000000000000   0.025000000000000   0.532986409579543   0.821200000000000   1.109413590420457   0.000000001864588
   0.018000000000000   0.026000000000000   0.131726409579543   0.419940000000000   0.708153590420457   0.000000025784567
   0.018000000000000   0.027000000000000  -0.312393590420457  -0.024180000000000   0.264033590420457   0.001000000000000
   0.019000000000000   0.020000000000000  -0.608543590420457  -0.320330000000000  -0.032116409579543   0.000010972012834
   0.019000000000000   0.021000000000000  -0.804073590420457  -0.515860000000000  -0.227646409579543   0.000000001874262
   0.019000000000000   0.022000000000000   0.084046409579543   0.372260000000000   0.660473590420457   0.000000579782762
   0.019000000000000   0.023000000000000  -0.302043590420457  -0.013830000000000   0.274383590420457   0.001000000000000
   0.019000000000000   0.024000000000000  -0.765153590420457  -0.476940000000000  -0.188726409579543   0.000000002156458
   0.019000000000000   0.025000000000000   0.031946409579543   0.320160000000000   0.608373590420457   0.000011067638607
   0.019000000000000   0.026000000000000  -0.369313590420457  -0.081100000000000   0.207113590420457   0.000999999562556
   0.019000000000000   0.027000000000000  -0.813433590420457  -0.525220000000000  -0.237006409579543   0.000000001868636
   0.020000000000000   0.021000000000000  -0.483743590420457  -0.195530000000000   0.092683590420457   0.000727507662236
   0.020000000000000   0.022000000000000   0.404376409579543   0.692590000000000   0.980803590420457   0.000000001864588
   0.020000000000000   0.023000000000000   0.018286409579543   0.306500000000000   0.594713590420457   0.000021743660207
   0.020000000000000   0.024000000000000  -0.444823590420457  -0.156610000000000   0.131603590420457   0.000964884835278
   0.020000000000000   0.025000000000000   0.352276409579543   0.640490000000000   0.928703590420457   0.000000001864588
   0.020000000000000   0.026000000000000  -0.048983590420457   0.239230000000000   0.527443590420457   0.000293512102140
   0.020000000000000   0.027000000000000  -0.493103590420457  -0.204890000000000   0.083323590420457   0.000634269966127
   0.021000000000000   0.022000000000000   0.599906409579543   0.888120000000000   1.176333590420457   0.000000001864588
   0.021000000000000   0.023000000000000   0.213816409579543   0.502030000000000   0.790243590420457   0.000000001898349
   0.021000000000000   0.024000000000000  -0.249293590420457   0.038920000000000   0.327133590420457   0.001000000000000
   0.021000000000000   0.025000000000000   0.547806409579543   0.836020000000000   1.124233590420457   0.000000001864588
   0.021000000000000   0.026000000000000   0.146546409579543   0.434760000000000   0.722973590420457   0.000000009971203
   0.021000000000000   0.027000000000000  -0.297573590420457  -0.009360000000000   0.278853590420457   0.001000000000000
   0.022000000000000   0.023000000000000  -0.674303590420457  -0.386090000000000  -0.097876409579543   0.000000242245585
   0.022000000000000   0.024000000000000  -1.137413590420457  -0.849200000000000  -0.560986409579543   0.000000001864588
   0.022000000000000   0.025000000000000  -0.340313590420457  -0.052100000000000   0.236113590420457   0.000999999999982
   0.022000000000000   0.026000000000000  -0.741573590420457  -0.453360000000000  -0.165146409579543   0.000000003822917
   0.022000000000000   0.027000000000000  -1.185693590420457  -0.897480000000000  -0.609266409579543   0.000000001864588
   0.023000000000000   0.024000000000000  -0.751323590420457  -0.463110000000000  -0.174896409579543   0.000000002768644
   0.023000000000000   0.025000000000000   0.045776409579543   0.333990000000000   0.622203590420457   0.000005348951827
   0.023000000000000   0.026000000000000  -0.355483590420457  -0.067270000000000   0.220943590420457   0.000999999992900
   0.023000000000000   0.027000000000000  -0.799603590420457  -0.511390000000000  -0.223176409579543   0.000000001879148
   0.024000000000000   0.025000000000000   0.508886409579543   0.797100000000000   1.085313590420457   0.000000001864588
   0.024000000000000   0.026000000000000   0.107626409579543   0.395840000000000   0.684053590420457   0.000000128450004
   0.024000000000000   0.027000000000000  -0.336493590420457  -0.048280000000000   0.239933590420457   0.000999999999997
   0.025000000000000   0.026000000000000  -0.689473590420457  -0.401260000000000  -0.113046409579543   0.000000089768963
   0.025000000000000   0.027000000000000  -1.133593590420457  -0.845380000000000  -0.557166409579543   0.000000001864588
   0.026000000000000   0.027000000000000  -0.732333590420457  -0.444120000000000  -0.155906409579543   0.000000005865723